ID	gid	aid	pid	iv	m	dv
1	10	11	12	1	5	5
2	10	11	13	1	5	5
3	10	11	14	1	5	5
4	10	11	15	1	5	5
5	10	12	11	2	4	3
6	10	12	13	2	3	3
7	10	12	14	2	3	3
8	10	12	15	1	2	3
9	10	13	11	2	3	3
10	10	13	12	2	2	3
11	10	13	14	2	2	3
12	10	13	15	1	1	3
13	10	14	11	2	3	4
14	10	14	12	2	3	4
15	10	14	13	2	3	4
16	10	14	15	2	3	4
17	10	15	11	1	2	4
18	10	15	12	1	1	3
19	10	15	13	2	1	2
20	10	15	14	2	1	3
21	20	21	22	3	1	5
22	20	21	23	3	1	4
23	20	21	24	2	3	3
24	20	21	25	1	1	2
25	20	21	26	3	1	4
26	20	22	21	2	2	3
27	20	22	23	2	2	3
28	20	22	24	2	2	3
29	20	22	25	2	2	3
30	20	22	26	2	2	3
31	20	23	21	2	2	3
32	20	23	22	2	2	3
33	20	23	24	2	2	3
34	20	23	25	2	2	3
35	20	23	26	2	2	3
36	20	24	21	1	3	3
37	20	24	22	3	1	2
38	20	24	23	2	1	1
39	20	24	25	2	1	2
40	20	24	26	2	1	2
41	20	25	21	2	4	4
42	20	25	22	1	3	4
43	20	25	23	1	3	4
44	20	25	24	1	3	4
45	20	25	26	1	1	4
46	20	26	21	3	2	3
47	20	26	22	4	1	3
48	20	26	23	3	3	4
49	20	26	24	4	1	4
50	20	26	25	2	1	3
51	30	31	32	2	3	3
52	30	31	33	1	4	4
53	30	31	34	2	4	4
54	30	31	35	2	3	3
55	30	31	36	2	3	3
56	30	32	31	3	2	3
57	30	32	33	3	3	3
58	30	32	34	3	3	3
59	30	32	35	2	4	3
60	30	32	36	2	3	2
61	30	33	31	2	3	3
62	30	33	32	3	1	1
63	30	33	34	2	2	3
64	30	33	35	1	1	2
65	30	33	36	1	1	1
66	30	34	31	1	4	4
67	30	34	32	1	1	2
68	30	34	33	1	5	3
69	30	34	35	1	3	2
70	30	34	36	1	3	2
71	30	35	31	2	4	4
72	30	35	32	2	3	4
73	30	35	33	2	4	4
74	30	35	34	2	3	4
75	30	35	36	2	4	4
76	30	36	31	1	3	4
77	30	36	32	1	3	4
78	30	36	33	1	3	4
79	30	36	34	1	3	4
80	30	36	35	1	5	4
81	40	41	42	1	4	4
82	40	41	43	2	1	3
83	40	41	44	2	1	3
84	40	41	45	2	1	3
85	40	41	46	2	3	3
86	40	42	41	1	5	5
87	40	42	43	2	1	4
88	40	42	44	2	1	4
89	40	42	45	1	1	4
90	40	42	46	1	1	4
91	40	43	41	2	1	3
92	40	43	42	1	1	3
93	40	43	44	2	3	3
94	40	43	45	1	3	3
95	40	43	46	1	1	3
96	40	44	41	2	4	4
97	40	44	42	1	3	4
98	40	44	43	1	3	4
99	40	44	45	1	3	4
100	40	44	46	1	3	4
101	40	45	41	2	3	3
102	40	45	42	2	3	3
103	40	45	43	2	3	3
104	40	45	44	2	3	3
105	40	45	46	2	3	3
106	40	46	41	2	2	4
107	40	46	42	2	3	4
108	40	46	43	2	3	4
109	40	46	44	2	2	4
110	40	46	45	2	2	4
111	50	51	52	2	3	4
112	50	51	53	2	3	4
113	50	51	54	2	3	5
114	50	51	55	2	2	5
115	50	51	56	1	5	5
116	50	52	51	1	5	3
117	50	52	53	1	5	4
118	50	52	54	1	5	3
119	50	52	55	1	4	3
120	50	52	56	1	5	3
121	50	53	51	2	4	4
122	50	53	52	2	4	4
123	50	53	54	2	4	4
124	50	53	55	2	4	4
125	50	53	56	2	4	4
126	50	54	51	2	3	3
127	50	54	52	2	4	4
128	50	54	53	2	3	4
129	50	54	55	2	3	4
130	50	54	56	2	3	4
131	50	55	51	2	1	2
132	50	55	52	2	2	2
133	50	55	53	2	2	3
134	50	55	54	2	2	2
135	50	55	56	2	2	2
136	50	56	51	2	3	3
137	50	56	52	2	2	3
138	50	56	53	2	2	3
139	50	56	54	4	2	2
140	50	56	55	2	3	3
141	60	61	62	2	3	3
142	60	61	63	2	2	3
143	60	61	64	2	2	2
144	60	61	65	2	2	2
145	60	61	66	2	2	2
146	60	62	61	1	5	4
147	60	62	63	1	3	4
148	60	62	64	1	1	3
149	60	62	65	1	1	3
150	60	62	66	1	2	3
151	60	63	61	3	2	3
152	60	63	62	3	1	3
153	60	63	64	3	1	3
154	60	63	65	3	1	3
155	60	63	66	3	1	3
156	60	64	61	1	1	3
157	60	64	62	1	2	4
158	60	64	63	1	3	4
159	60	64	65	1	3	4
160	60	64	66	1	3	4
161	60	65	61	2	4	3
162	60	65	62	2	2	3
163	60	65	63	3	1	3
164	60	65	64	3	1	3
165	60	65	66	3	1	3
166	60	66	61	2	1	2
167	60	66	62	3	3	2
168	60	66	63	3	1	2
169	60	66	64	1	1	2
170	60	66	65	1	1	2
171	70	71	72	3	3	4
172	70	71	73	1	4	4
173	70	71	74	2	3	4
174	70	71	75	2	2	4
175	70	71	76	2	2	4
176	70	72	71	2	4	3
177	70	72	73	3	1	3
178	70	72	74	3	1	3
179	70	72	75	3	1	3
180	70	72	76	3	1	3
181	70	73	71	1	5	5
182	70	73	72	1	1	3
183	70	73	74	2	2	3
184	70	73	75	2	1	2
185	70	73	76	3	1	2
186	70	74	71	1	5	4
187	70	74	72	2	3	3
188	70	74	73	2	5	3
189	70	74	75	2	3	3
190	70	74	76	1	2	3
191	70	75	71	2	3	3
192	70	75	72	2	3	3
193	70	75	73	2	2	4
194	70	75	74	2	3	4
195	70	75	76	2	3	3
196	70	76	71	3	1	4
197	70	76	72	2	2	4
198	70	76	73	1	1	4
199	70	76	74	1	2	4
200	70	76	75	1	2	5
201	80	81	82	2	3	2
202	80	81	83	1	4	4
203	80	81	84	2	2	2
204	80	81	85	1	2	2
205	80	81	86	2	3	2
206	80	82	81	2	4	4
207	80	82	83	2	4	4
208	80	82	84	2	3	4
209	80	82	85	2	4	4
210	80	82	86	2	4	4
211	80	83	81	2	4	3
212	80	83	82	2	2	3
213	80	83	84	2	2	3
214	80	83	85	2	2	3
215	80	83	86	2	2	3
216	80	84	81	1	3	4
217	80	84	82	1	3	4
218	80	84	83	1	3	4
219	80	84	85	1	3	4
220	80	84	86	1	3	4
221	80	85	81	2	4	4
222	80	85	82	2	3	4
223	80	85	83	1	3	4
224	80	85	84	2	2	4
225	80	85	86	2	3	4
226	80	86	81	2	3	4
227	80	86	82	1	2	4
228	80	86	83	2	2	4
229	80	86	84	2	2	4
230	80	86	85	2	3	4
231	90	91	92	1	5	5
232	90	91	93	1	4	5
233	90	91	94	1	4	5
234	90	91	95	1	4	5
235	90	91	96	1	5	5
236	90	92	91	2	4	4
237	90	92	93	2	4	4
238	90	92	94	2	4	4
239	90	92	95	2	4	4
240	90	92	96	2	3	4
241	90	93	91	2	1	2
242	90	93	92	2	2	2
243	90	93	94	1	1	1
244	90	93	95	4	1	1
245	90	93	96	2	1	1
246	90	94	91	3	2	3
247	90	94	92	2	3	3
248	90	94	93	2	3	3
249	90	94	95	2	2	3
250	90	94	96	2	2	3
251	90	95	91	3	3	2
252	90	95	92	3	3	2
253	90	95	93	4	1	2
254	90	95	94	4	1	2
255	90	95	96	4	1	2
256	90	96	91	2	4	4
257	90	96	92	2	4	4
258	90	96	93	2	1	4
259	90	96	94	2	1	4
260	90	96	95	2	1	4
261	100	101	102	2	2	2
262	100	101	103	2	3	4
263	100	101	104	2	3	3
264	100	102	101	1	4	4
265	100	102	103	1	5	4
266	100	102	104	1	4	4
267	100	103	101	1	3	4
268	100	103	102	2	3	4
269	100	103	104	2	3	4
270	100	104	101	1	1	3
271	100	104	102	5	1	3
272	100	104	103	4	1	4
273	110	111	112	2	2	3
274	110	111	113	1	4	4
275	110	111	114	2	1	2
276	110	112	111	2	1	2
277	110	112	113	2	1	2
278	110	112	114	2	1	2
279	110	113	111	2	4	3
280	110	113	112	2	2	3
281	110	113	114	2	2	3
282	110	114	111	1	2	4
283	110	114	112	1	2	4
284	110	114	113	1	2	4
285	120	121	122	2	3	4
286	120	121	123	2	3	4
287	120	121	124	2	3	4
288	120	121	125	2	3	4
289	120	121	126	2	2	4
290	120	122	121	2	2	2
291	120	122	123	2	4	2
292	120	122	124	2	1	2
293	120	122	125	2	2	2
294	120	122	126	2	1	2
295	120	123	121	2	2	4
296	120	123	122	2	2	4
297	120	123	124	1	4	4
298	120	123	125	1	3	4
299	120	123	126	1	1	3
300	120	124	121	1	1	1
301	120	124	122	1	1	1
302	120	124	123	1	5	3
303	120	124	125	2	3	2
304	120	124	126	1	1	2
305	120	125	121	4	1	3
306	120	125	122	3	1	3
307	120	125	123	2	3	3
308	120	125	124	2	3	3
309	120	125	126	3	1	3
310	120	126	121	2	3	3
311	120	126	122	2	3	3
312	120	126	123	2	3	3
313	120	126	124	2	3	3
314	120	126	125	3	3	3
315	130	131	132	1	1	3
316	130	131	133	1	1	3
317	130	131	134	1	5	4
318	130	131	135	1	2	3
319	130	132	131	2	2	3
320	130	132	133	3	1	3
321	130	132	134	3	2	3
322	130	132	135	3	1	3
323	130	133	131	2	2	3
324	130	133	132	2	1	3
325	130	133	134	2	1	3
326	130	133	135	2	1	3
327	130	134	131	2	3	3
328	130	134	132	2	1	2
329	130	134	133	3	1	2
330	130	134	135	3	2	2
331	130	135	131	2	4	4
332	130	135	132	2	4	4
333	130	135	133	2	4	4
334	130	135	134	2	4	4
335	140	141	142	2	3	4
336	140	141	143	2	3	4
337	140	141	144	2	2	4
338	140	141	145	2	2	4
339	140	141	146	2	4	4
340	140	142	141	2	3	4
341	140	142	143	2	3	4
342	140	142	144	2	3	4
343	140	142	145	2	3	4
344	140	142	146	2	4	4
345	140	143	141	2	3	3
346	140	143	142	2	2	3
347	140	143	144	2	3	3
348	140	143	145	2	3	3
349	140	143	146	2	2	3
350	140	144	141	2	3	4
351	140	144	142	2	3	4
352	140	144	143	2	3	4
353	140	144	145	2	3	4
354	140	144	146	2	3	4
355	140	145	141	1	4	5
356	140	145	142	1	2	4
357	140	145	143	1	4	4
358	140	145	144	1	2	4
359	140	145	146	1	1	4
360	140	146	141	2	3	2
361	140	146	142	2	1	2
362	140	146	143	2	2	2
363	140	146	144	2	1	2
364	140	146	145	2	1	2
365	150	151	152	2	3	4
366	150	151	153	2	3	4
367	150	151	154	2	4	4
368	150	151	155	2	4	4
369	150	151	156	2	4	4
370	150	152	151	3	2	3
371	150	152	153	2	1	3
372	150	152	154	2	1	3
373	150	152	155	2	2	3
374	150	152	156	2	2	3
375	150	153	151	1	5	4
376	150	153	152	1	2	4
377	150	153	154	1	2	4
378	150	153	155	1	2	4
379	150	153	156	1	2	4
380	150	154	151	2	1	3
381	150	154	152	2	3	3
382	150	154	153	2	2	3
383	150	154	155	2	1	3
384	150	154	156	2	3	3
385	150	155	151	2	1	4
386	150	155	152	2	2	3
387	150	155	153	2	1	4
388	150	155	154	2	1	4
389	150	155	156	2	1	3
390	150	156	151	2	1	3
391	150	156	152	2	2	3
392	150	156	153	2	1	3
393	150	156	154	2	3	4
394	150	156	155	2	1	4
395	160	161	162	1	4	4
396	160	161	163	1	5	5
397	160	161	164	1	4	4
398	160	161	165	1	4	4
399	160	162	161	1	5	5
400	160	162	163	1	5	5
401	160	162	164	1	5	5
402	160	162	165	1	5	5
403	160	163	161	2	3	2
404	160	163	162	2	1	2
405	160	163	164	2	2	2
406	160	163	165	2	2	2
407	160	164	161	1	5	4
408	160	164	162	1	4	3
409	160	164	163	1	4	3
410	160	164	165	1	4	3
411	160	165	161	2	5	4
412	160	165	162	2	5	4
413	160	165	163	2	5	4
414	160	165	164	2	5	4
415	170	171	172	2	3	3
416	170	171	173	2	2	3
417	170	171	174	2	3	3
418	170	172	171	2	3	4
419	170	172	173	2	4	4
420	170	172	174	2	3	4
421	170	173	171	1	3	4
422	170	173	172	1	1	4
423	170	173	174	1	3	4
424	170	174	171	2	3	3
425	170	174	172	2	3	3
426	170	174	173	2	3	3
427	180	181	182	1	3	2
428	180	181	183	1	2	2
429	180	181	184	1	4	3
430	180	181	185	1	1	3
431	180	182	181	1	5	3
432	180	182	183	1	3	3
433	180	182	184	1	5	3
434	180	182	185	1	2	3
435	180	183	181	1	1	3
436	180	183	182	2	1	3
437	180	183	184	2	1	3
438	180	183	185	2	1	3
439	180	184	181	2	4	4
440	180	184	182	2	4	4
441	180	184	183	2	4	4
442	180	184	185	2	4	4
443	180	185	181	3	3	4
444	180	185	182	3	3	4
445	180	185	183	3	3	4
446	180	185	184	3	3	4
447	190	191	192	2	4	4
448	190	191	193	2	4	4
449	190	191	194	2	4	2
450	190	191	195	2	4	4
451	190	191	196	2	4	4
452	190	192	191	2	3	4
453	190	192	193	1	1	3
454	190	192	194	2	2	3
455	190	192	195	2	2	4
456	190	192	196	2	2	3
457	190	193	191	1	1	2
458	190	193	192	1	1	2
459	190	193	194	2	1	2
460	190	193	195	2	1	2
461	190	193	196	3	1	1
462	190	194	191	2	4	4
463	190	194	192	2	3	4
464	190	194	193	1	3	4
465	190	194	195	1	4	4
466	190	194	196	1	1	4
467	190	195	191	2	3	4
468	190	195	192	2	3	4
469	190	195	193	2	3	4
470	190	195	194	2	3	4
471	190	195	196	2	3	4
472	190	196	191	1	1	1
473	190	196	192	1	1	1
474	190	196	193	1	1	1
475	190	196	194	1	1	1
476	190	196	195	1	1	1
477	200	201	202	2	2	4
478	200	201	203	2	3	4
479	200	201	204	2	4	4
480	200	201	205	2	1	4
481	200	202	201	2	5	4
482	200	202	203	1	5	4
483	200	202	204	1	3	3
484	200	202	205	3	3	4
485	200	203	201	2	3	4
486	200	203	202	2	4	4
487	200	203	204	2	4	4
488	200	203	205	2	4	4
489	200	204	201	2	3	3
490	200	204	202	2	1	3
491	200	204	203	2	3	3
492	200	204	205	2	2	3
493	200	205	201	2	2	2
494	200	205	202	2	3	2
495	200	205	203	1	1	1
496	200	205	204	2	1	2
